00900 00000 00589 98520 00000 00000
00009 00000 00589 98552 00000 00000
00000 00000 00581 98545 20000 00000
00009 00000 00589 98504 52000 00000
00900 00000 00589 98500 45200 00000

00000 00000 00589 18500 04520 00000
00000 00000 00589 98500 00452 00000
55555 55555 55589 98555 55555 55555
88888 88888 88589 98588 88888 88888
99990 99999 99999 99999 99399 99999

88888 88888 88589 98588 88888 88888
55555 55555 55589 98555 55555 55555
00000 00000 00589 98500 00000 00000
00000 00000 00589 98500 00660 00000
00002 20000 00589 98500 56006 50000

00003 30000 00589 98505 61111 65000
00004 40000 00589 98500 56006 50000
00005 50000 00589 98500 00660 00000
00000 00000 00589 98500 00000 00000
00000 00000 00589 98500 00000 00000

//(Dont forget to delete this line)This is the pic to be printed.
